No.	품목	규격	서울	10동	자스민	9연동	곤지암	대관령	평창	재고합계	올해판매량	지난해 판매량	생산량	폐기량	출고예정	분갈이	삽목	출고예정B	기타
1	가물레피시스(유리호프스)	10cm	0	0	0	0	0	0	0	0	0	0	0	0	0				
2	가물레피시스(유리호프스)	18cm	36	0	0	190	0	0	0	226	2	88	239	0	0				
3	가물레피시스(유리호프스)	24cm	24	0	0	55	0	0	0	79	1	2	71	0	0				
4	가물레피시스(유리호프스)	30cm	0	0	0	0	0	0	0	0	0	0	0	0	0				
5	가물레피시스(유리호프스)	특대	0	0	0	0	0	0	0	0	0	2	0	0	0				
6	골든레몬타임	10cm	0	0	0	0	0	0	0	0	0	1015	0	0	0		1000		
7	골든레몬타임	18cm	0	0	0	0	0	0	0	0	0	0	0	0	0				
8	그레이트멀레인	10cm	0	0	0	0	0	0	0	0	0	0	0	0	0				
9	금어초	10cm	0	0	0	0	0	0	0	0	0	12	3120	0	0				폐기
10	금어초	18cm	0	0	0	0	0	0	0	0	0	5	1083	0	0				
11	금잔화	10cm	680	0	0	0	0	0	0	680	0	650	1280	0	0				
12	금잔화(포트메리골드)	10cm	0	0	0	0	0	0	0	0	0	0	0	0	0				
13	금잔화(포트메리골드)	24cm	0	0	0	0	0	0	0	0	0	0	0	0	0				
14	금잔화(포트메리골드)	30cm	0	0	0	0	0	0	0	0	0	0	0	0	0				
15	나스터튬	10cm	80	0	0	0	0	0	0	80	0	4295	5600	0	0				
16	나스터튬	18cm	699	0	0	0	0	0	0	699	1	78	700	0	0				
17	넷틀	10cm	0	0	0	0	0	0	0	0	0	0	0	0	0				
18	노랑꽃자스민	10cm	0	0	0	0	0	0	0	0	0	0	0	0	0				
19	노랑꽃자스민	30cm	2	0	0	0	0	0	0	2	0	0	0	0	0				
20	니겔라	10cm	0	0	0	0	0	0	0	0	0	0	260	0	0				
21	니겔라	24cm	0	0	0	0	0	0	0	0	0	0	0	0	0				
22	다이어즈캐모마일	10cm	60	0	0	0	0	0	0	60	0	0	100	0	0				
23	다크오팔바질	10cm	0	0	0	0	0	0	0	0	0	99	360	0	0				
24	딜	10cm	901	0	0	0	0	0	0	901	142	5567	6380	0	0				
25	딜	15cm	0	0	0	0	0	0	0	0	0	0	0	0	0				
26	램즈이어	10cm	288	0	0	0	0	0	0	288	0	1903	4200	0	0				
27	램즈이어	18cm	463	0	0	0	0	0	0	463	0	268	1035	0	0				
28	러시안세이지	10cm	107	0	0	0	0	0	0	107	3	3365	5420	416	0		2000		
29	러시안세이지	15cm	20	0	0	0	9	0	0	29	0	168	455	0	0				
30	러시안세이지	18cm	908	0	0	0	0	0	0	908	0	392	1300	0	200				
31	레드야로우	10cm	261	0	0	0	0	0	0	261	0	0	620	0	0				
32	레몬그라스	10cm	0	0	0	0	0	0	0	0	0	47	280	0	0				
33	레몬그라스	18cm	9	0	0	0	0	0	0	9	0	118	127	0	0				
34	레몬밤	10cm	940	0	0	0	0	0	0	940	0	2794	5160	0	50				
35	레몬밤	18cm	240	0	0	0	0	0	0	240	0	44	360	0	0				
36	레몬버베나	10cm	0	0	0	646	0	0	0	646	0	260	484	0	0		1000		
37	레몬버베나	18cm	11	0	0	831	0	0	0	842	0	425	1250	0	50				
38	레몬버베나	24cm	13	0	0	90	0	0	0	103	1	151	133	0	0				
39	레몬버베나	30cm	12	0	0	7	0	0	0	19	0	16	31	0	0				
40	레몬유칼리	10cm	100	0	0	0	0	0	0	100	0	134	520	0	0				
41	레몬유칼리	18cm	49	0	0	0	0	0	0	49	1	61	126	0	0				
42	레몬유칼리	24cm	26	0	0	0	0	0	0	26	0	3	26	0	0				
43	레몬유칼리	30cm	6	0	0	0	0	0	0	6	0	0	6	0	5				
44	레몬유칼리	특대	1	0	0	0	0	0	0	1	1	0	1	0	0				
45	레몬제라늄	18cm	14	0	0	382	0	0	0	396	0	183	300	0	0				
46	레몬제라늄	24cm	86	0	0	6	0	0	0	92	0	42	130	0	0				
47	레몬제라늄	30cm	4	0	0	13	0	0	0	17	0	8	24	0	3				
48	레몬타임	10cm	247	0	0	0	0	0	0	247	20	387	800	0	0		300		
49	레몬타임	18cm	125	0	0	0	0	0	0	125	0	10	125	0	0				
50	레이디스맨틀	10cm	0	0	0	0	0	0	0	0	0	45	100	0	0				
51	로먼캐모마일	10cm	937	0	0	0	0	0	0	937	20	714	1676	0	0				
52	로즈마리	10cm	11649	0	0	800	30	0	0	12479	80	15654	22504	0	10050		30000		
53	로즈마리	15cm	0	0	0	0	0	0	0	0	0	159	0	0	0				
54	로즈마리	18cm	573	0	0	0	5750	0	0	6323	29	3073	7562	0	0				
55	로즈마리	24cm	2147	0	0	0	4484	0	0	6631	144	2304	2126	0	0				
56	로즈마리	30cm	20	0	0	0	359	0	0	379	12	284	1000	40	0				
57	로즈마리	특대	4	0	0	0	6	0	0	10	0	0	10	0	0				
58	로즈마리외대	15cm	0	0	0	0	0	0	0	0	0	0	0	0	0				
59	로즈마리외대	18cm	127	0	0	0	0	0	0	127	0	491	1256	0	0				
60	로즈마리외대	24cm	29	0	0	0	301	0	0	330	14	514	879	100	0				
61	로즈마리외대	30cm	4	0	0	0	0	0	0	4	6	6	60	0	0				
62	로즈제라늄	10cm	0	0	0	0	0	0	0	0	0	23	300	0	0		300		
63	로즈제라늄	15cm	0	0	0	0	0	0	0	0	0	156	156	0	0				
64	로즈제라늄	18cm	36	0	0	71	0	0	0	107	0	429	315	0	0				
65	로즈제라늄	24cm	28	0	0	-1	0	0	0	27	0	17	64	0	0				
66	로즈제라늄	30cm	5	0	0	12	0	0	0	17	0	18	22	0	3				
67	로지 로즈마리	10cm	140	0	0	0	0	0	0	140	0	0	0	0	0				
68	로케트(루꼴라)	10cm	140	0	0	0	0	0	0	140	0	3057	3920	480	0				
69	루	10cm	50	0	0	0	0	0	0	50	0	81	280	0	0				
70	루빈바질	10cm	0	0	0	0	0	0	0	0	0	0	120	0	0				
71	루피너스	10cm	20	0	0	0	0	0	0	20	0	1	190	0	0				
72	리틀잎핑크세이지	10cm	0	0	0	0	0	0	0	0	0	0	1720	0	0		3000		
73	리틀잎핑크세이지	18cm	187	447	0	0	0	0	0	634	0	1009	1741	0	0				
74	리틀잎핑크세이지	24cm	45	257	0	0	0	0	0	302	0	175	112	0	0				
75	리틀잎핑크세이지	30cm	0	34	0	0	0	0	0	34	0	3	0	0	0				
76	마삭줄	18cm	0	0	0	88	0	0	0	88	0	0	0	0	0				
77	마삭줄	24cm	0	0	0	16	0	0	0	16	0	0	0	0	0				
78	마삭줄	30cm	0	0	0	2	0	0	0	2	0	0	0	0	0				
79	마조람	10cm	100	0	0	0	0	0	0	100	0	106	500	0	0				
80	마편초	10cm	280	0	0	0	0	0	0	280	0	20	800	0	0				
81	마편초	18cm	380	0	0	0	0	0	0	380	0	4	384	0	0				
82	메리골드슈퍼보이옐로우	10cm	0	0	0	0	0	0	0	0	0	2057	2580	0	0				소망교도소
83	메리골드슈퍼보이오렌지	10cm	0	0	0	0	0	0	0	0	0	2102	2770	0	0				소망교도소
84	멕시칸세이지	10cm	7	110	0	60	0	0	0	177	0	399	1760	0	0		10000		
85	멕시칸세이지	18cm	48	826	0	20	0	0	0	894	0	1602	2429	0	400				
86	멕시칸세이지	24cm	40	865	0	0	0	0	0	905	0	308	1189	0	800				
87	멕시칸세이지	30cm	-6	40	0	0	0	0	0	34	0	66	40	0	0				
88	멕시칸세이지(흰색)	10cm	20	0	0	0	0	0	0	20	0	43	1080	0	0		10000		
89	멕시칸세이지(흰색)	18cm	24	677	0	58	0	0	0	759	0	763	1275	0	400				
90	멕시칸세이지(흰색)	24cm	6	72	0	0	0	0	0	78	0	125	170	0	0				
91	멕시칸세이지(흰색)	30cm	1	26	0	0	0	0	0	27	0	9	0	0	0				
92	미스틱스파이어블루세이지	10cm	0	0	0	0	0	0	0	0	0	0	2430	0	0		500		
93	미스틱스파이어블루세이지	18cm	49	811	0	522	0	0	0	1382	0	1544	2845	0	400				
94	미스틱스파이어블루세이지	24cm	19	0	0	11	0	0	0	30	0	186	32	0	0				
95	미스틱스파이어블루세이지	30cm	4	0	0	13	0	0	0	17	0	22	24	0	0				
96	밀크시슬	10cm	0	0	0	0	0	0	0	0	0	6	22	0	0				
97	밀크시슬	18cm	12	0	0	0	0	0	0	12	0	1	16	0	0				
98	발레리안	10cm	126	0	0	0	0	0	0	126	0	64	190	0	0				
99	베이(월계수)	18cm	157	0	0	0	0	0	0	157	0	23	0	0	0				
100	베이(월계수)	24cm	312	0	0	0	0	0	0	312	0	4	0	0	0				
101	베이(월계수)	30cm	13	0	0	0	0	0	0	13	0	1	0	0	0				
102	베이(월계수)	특대	6	0	0	0	0	0	0	6	0	0	0	0	0				
103	벨가못	10cm	15	0	0	0	0	0	0	15	0	310	503	0	50				
104	벨가못	18cm	13	0	0	0	0	0	0	13	0	1	84	0	0				
105	병풀	10cm	1630	0	0	0	0	0	0	1630	0	90	2340	0	0				
106	보리지	10cm	90	0	0	0	0	0	0	90	0	46	587	0	0				
107	보리지	18cm	88	0	0	0	0	0	0	88	0	148	192	0	0				
108	보리지	24cm	80	0	0	0	0	0	0	80	0	0	80	0	0				
109	보리지	30cm	10	0	0	0	0	0	0	10	0	0	10	0	0				
110	분홍낮달맞이	10cm	140	0	0	0	0	0	0	140	0	0	140	0	0				
111	비올라	10cm	0	0	0	0	0	0	0	0	0	0	8650	0	0				대관령
112	비올라	15cm	960	0	0	0	0	0	0	960	100	115	100	0	0				
113	산토리나	10cm	0	0	0	210	0	0	0	210	20	295	300	0	0		100		
114	산토리나	18cm	0	0	0	192	0	0	0	192	0	162	225	0	0				
115	산토리나	24cm	48	0	0	12	0	0	0	60	0	9	72	0	0				
116	산토리나	30cm	0	0	0	3	0	0	0	3	0	0	0	0	0				
117	서던우드	10cm	0	0	0	0	0	0	0	0	0	0	100	0	0				
118	서던우드	18cm	84	0	0	0	0	0	0	84	0	62	79	0	0				
119	서던우드	24cm	5	0	0	0	0	0	0	5	0	0	0	0	0				
120	세인트존스워트	10cm	177	0	0	0	0	0	0	177	0	103	280	0	0				
121	스위트라벤다	10cm	0	417	0	0	0	0	0	417	0	2	2640	0	0		300		
122	스위트라벤다	18cm	42	1903	0	0	0	0	0	1945	47	1954	2055	0	0				
123	스위트라벤다	24cm	51	302	0	0	0	0	0	353	6	720	726	0	0				
124	스위트라벤다	30cm	6	106	0	0	0	0	0	112	2	129	128	0	5				
125	스위트라벤다	특대	0	0	0	0	0	0	0	0	0	0	0	0	0				
126	스위트라벤다외대	18cm	6	0	0	0	0	0	0	6	0	7	0	0	0				
127	스위트라벤다외대	24cm	10	0	0	0	0	0	0	10	0	19	2	0	0				
128	스위트바질	10cm	0	0	0	0	0	0	0	0	0	4263	5406	0	0				
129	스탠다드유칼리	10cm	0	0	0	0	0	0	0	0	0	1	80	0	0				
130	스탠다드유칼리	18cm	1	0	0	0	0	0	0	1	0	27	77	0	0				
131	스탠다드유칼리	24cm	8	0	0	0	0	0	0	8	0	0	10	0	0				
132	스탠다드유칼리	특대	2	0	0	0	0	0	0	2	0	0	2	0	0				
133	스테비아	10cm	15	0	0	0	0	0	0	15	0	112	140	0	0				
134	스테비아	15cm	0	0	0	0	0	0	0	0	0	0	0	0	0				
135	스테비아	18cm	20	0	0	130	0	0	0	150	0	26	158	0	50				
136	스토크	10cm	0	0	0	0	0	0	0	0	0	3	320	0	0				폐기
137	스피아민트	10cm	3364	0	0	1900	0	0	0	5264	100	8249	15480	0	5050		10000		
138	스피아민트	18cm	14	0	0	0	0	0	0	14	4	35	80	0	0				
139	실버세이지	10cm	60	0	0	0	0	0	0	60	0	48	0	0	0				
140	실버세이지	18cm	52	0	0	0	0	0	0	52	0	60	100	0	0				
141	실버타임	10cm	205	0	0	0	0	0	0	205	0	240	320	0	0				
142	실버타임	18cm	103	0	0	0	0	0	0	103	0	88	243	0	0				
143	아니스히솝	10cm	192	0	0	0	0	0	0	192	0	8	200	0	0				
144	아르니카	10cm	20	0	0	0	0	0	0	20	0	0	20	0	0				
145	아스터	10cm	190	0	0	0	0	0	0	190	0	0	190	0	0				
146	아티초크	10cm	76	0	0	0	0	0	0	76	20	37	160	0	0				
147	아티초크	18cm	3	0	0	0	0	0	0	3	0	23	27	0	0				
148	안젤리카	18cm	11	0	0	0	0	0	0	11	0	0	11	0	0				
149	애니시다	10cm	0	0	0	300	0	0	0	300	0	0	420	0	0				
150	애니시다	18cm	0	0	0	137	0	0	0	137	0	41	0	0	0				
151	애니시다	24cm	0	0	0	60	0	0	0	60	0	32	77	0	0				
152	애니시다	30cm	2	0	0	3	0	0	0	5	0	4	4	0	0				
153	애플민트	10cm	3974	0	0	1900	0	0	0	5874	250	18999	25779	0	5050		10000		
154	애플민트	18cm	23	0	0	0	0	0	0	23	5	53	95	0	0				
155	애플사이다제라늄	10cm	0	0	0	0	0	0	0	0	0	0	0	0	0	172	100		
156	애플사이다제라늄	18cm	41	0	0	60	0	0	0	101	0	146	100	0	10				
157	애플사이다제라늄	24cm	9	0	0	4	0	0	0	13	2	3	5	0	0				
158	애플제라늄	10cm	0	0	0	0	0	0	0	0	0	0	0	0	0				
159	애플제라늄	18cm	8	0	0	54	0	0	0	62	0	112	0	0	0				
160	애플제라늄	24cm	4	0	0	56	0	0	0	60	0	4	0	0	0				
161	애플제라늄	30cm	1	0	0	5	0	0	0	6	0	0	5	0	0				
162	야로우	10cm	0	1960	0	0	0	0	0	1960	0	634	1960	0	0				
163	야로우	18cm	84	0	0	0	0	0	0	84	0	14	0	0	0				
164	양귀비	10cm	0	0	0	0	0	0	0	0	0	0	0	0	0				
165	오데코롱민트	10cm	277	0	0	0	0	0	0	277	0	520	640	0	50		100		
166	오데코롱민트	18cm	100	0	0	0	0	0	0	100	0	0	0	0	0				
167	오데코롱민트(베트남)	10cm	0	0	0	0	0	0	0	0	0	60	0	0	0				
168	오레가노	10cm	90	0	0	0	0	0	0	90	0	644	2330	0	50				
169	오레가노	18cm	0	0	0	0	0	0	0	0	0	13	0	0	0				
170	오렌지타임	10cm	300	0	0	0	0	0	0	300	20	2524	175	0	0		5000		
171	오렌지타임	18cm	73	0	0	0	0	0	0	73	0	111	222	0	0				
172	옥잠화	24cm	0	0	0	0	47	0	0	47	0	0	1420	0	0				
173	올리브	18cm	-6	0	0	0	0	0	0	-6	0	37	0	0	0				
174	올리브	24cm	209	0	0	0	0	0	0	209	0	0	10	0	0				
175	올리브	30cm	17	0	0	0	0	0	0	17	0	0	17	0	0				
176	올리브	특대	4	0	0	0	0	0	0	4	2	0	6	0	0				
177	와일드스트로베리	10cm	0	0	0	0	0	0	0	0	0	123	200	0	0				
178	우단동자	10cm	400	0	0	0	0	0	0	400	0	20	275	0	0				
179	우단동자	18cm	310	0	0	0	0	0	0	310	0	168	835	0	0				
180	우단동자	24cm	0	0	0	0	0	0	0	0	0	6	159	0	0				
181	원추리	24cm	94	0	0	0	1208	0	0	1302	0	8	0	0	0				
182	윈터세이보리	10cm	150	0	0	0	0	0	0	150	0	0	150	0	0				
183	유럽제라늄	24cm	16	0	0	0	0	0	0	16	0	3	0	0	0				
184	율마	24cm	7	0	0	-1	0	0	0	6	5	16	5	0	0				
185	이탈리안파슬리	10cm	438	0	0	0	0	0	0	438	102	2087	2930	0	0				
186	일지매	18cm	0	0	0	65	0	0	0	65	0	0	0	0	0				
187	잉글리쉬라벤다	10cm	25217	700	6483	0	0	0	0	32400	221	23141	51162	0	50		10000		
188	잉글리쉬라벤다	15cm	0	0	2929	120	0	0	0	3049	0	10709	16728	20	0		5000		
189	잉글리쉬라벤다	18cm	166	13	4189	61	0	0	0	4429	0	3719	4863	10	1200				
190	잉글리쉬라벤다	24cm	7	15	97	0	0	0	0	119	0	173	630	0	0				
191	잉글리쉬라벤다	30cm	0	6	0	0	0	0	0	6	0	0	6	0	0				
192	장미허브	10cm	4033	0	0	4000	0	0	0	8033	20	5577	14100	0	5000		200		
193	장미허브	18cm	722	0	0	0	0	0	0	722	1	189	940	0	0				
194	장미허브	24cm	30	0	0	0	0	0	0	30	0	0	15	0	0				
195	잭폿탄지	10cm	179	0	0	0	0	0	0	179	0	81	260	0	0				
196	저먼캐모마일	10cm	1700	0	0	0	0	0	0	1700	60	4995	6820	0	50				
197	적쏘렐	10cm	2640	0	0	0	0	0	0	2640	0	190	2500	0	0				
198	쥬리안	10cm	0	0	0	0	0	0	0	0	0	20	0	0	0				
199	지브라말로우	10cm	130	0	0	0	0	0	0	130	0	120	250	0	0				
200	차빌	10cm	716	0	0	0	0	0	0	716	20	576	1960	0	0				
201	차빌	18cm	0	0	0	0	0	0	0	0	0	0	0	0	0				
202	차이니즈세이지	10cm	0	0	0	0	0	0	0	0	0	0	20	0	0				
203	차이니즈세이지	18cm	17	0	0	0	0	0	0	17	0	1	18	0	0				
204	차이브	10cm	446	0	0	0	0	0	0	446	24	794	2240	0	100				
205	차이브	18cm	6	0	0	0	0	0	0	6	0	24	0	0	0				
206	청세이지	18cm	6	0	0	0	0	0	0	6	0	5	0	0	0				
207	청세이지	24cm	0	0	0	11	0	0	0	11	0	2	0	0	0				
208	청세이지	30cm	0	0	0	12	0	0	0	12	0	0	0	0	0				
209	체리세이지	10cm	0	1	0	0	0	0	0	1	0	100	3920	0	0		10000		
210	체리세이지	18cm	99	1193	0	407	0	0	0	1699	13	4616	4214	0	450				
211	체리세이지	24cm	33	268	0	0	0	0	0	301	0	913	1002	0	0				
212	체리세이지	30cm	9	233	0	0	0	0	0	242	0	195	293	0	10				
213	체리세이지	특대	2	0	0	0	0	0	0	2	0	1	0	0	0				
214	쵸코민트	10cm	344	0	0	0	0	0	0	344	0	2071	2520	0	50		1000		
215	쵸코민트	18cm	22	0	0	0	0	0	0	22	0	33	55	0	0				
216	캐러웨이	10cm	171	0	0	0	0	0	0	171	0	69	540	0	0				
217	캔들플랜트	10cm	220	0	0	0	0	0	0	220	0	80	620	0	0		200		
218	캔들플랜트	18cm	49	0	0	150	0	0	0	199	0	49	0	0	0				
219	캔들플랜트	24cm	3	0	0	0	0	0	0	3	0	7	0	0	0				
220	캘리포니아포피	10cm	64	0	0	0	0	0	0	64	0	6	100	0	0				
221	캣닙	10cm	85	0	0	0	0	0	0	85	0	325	410	0	0		1000		
222	커리플랜트	10cm	0	0	0	340	0	0	0	340	0	162	200	0	0		100		
223	커리플랜트	18cm	5	0	0	240	0	0	0	245	1	343	679	0	0				
224	커리플랜트	24cm	0	0	0	0	0	0	0	0	0	37	48	0	0				
225	커몬말로우	10cm	472	0	0	0	0	0	0	472	0	245	774	0	0				
226	커몬말로우	18cm	3	0	0	0	0	0	0	3	0	9	12	0	0				
227	커몬세이지	10cm	615	0	0	0	0	0	0	615	240	820	2228	0	0				
228	커몬세이지	18cm	1	0	0	0	0	0	0	1	0	20	93	0	0				
229	커몬타임	10cm	873	0	0	0	0	0	0	873	0	2084	3400	0	0				
230	코리안더(고수)	10cm	240	0	0	0	0	0	0	240	0	930	1690	0	0				
231	콘포피	10cm	0	0	0	0	0	0	0	0	0	2	90	0	0				
232	콘포피레드	10cm	20	0	0	0	0	0	0	20	0	0	30	0	0				
233	콘플라워믹스	10cm	0	0	0	0	0	0	0	0	0	0	240	0	0				
234	쿠페아(구피아)	18cm	37	0	0	4	0	0	0	41	0	21	0	0	0				
235	쿠페아(구피아)	30cm	1	0	0	0	0	0	0	1	0	1	0	0	0				
236	크라선세멈 옐로	10cm	0	0	0	0	0	0	0	0	0	106	1420	0	0				
237	크라선세멈 화이트	10cm	0	0	0	0	0	0	0	0	0	126	1759	0	0				
238	클라리세이지	10cm	110	0	0	0	0	0	0	110	0	519	1280	0	0				
239	클라리세이지	18cm	41	0	0	0	0	0	0	41	0	39	60	0	0				
240	클라리세이지핑크	10cm	0	0	0	0	0	0	0	0	0	0	0	0	0				
241	클라리세이지핑크	18cm	0	0	0	0	0	0	0	0	0	0	0	0	0				
242	클라리세이지핑크	24cm	0	0	0	0	0	0	0	0	0	0	0	0	0				
243	클리핑로즈마리	10cm	0	0	0	400	0	0	0	400	0	0	2690	0	0			500	
244	클리핑로즈마리	15cm	0	0	0	0	0	0	0	0	0	0	0	0	0				
245	클리핑로즈마리	18cm	152	0	0	0	1995	0	0	2147	53	230	2200	0	0				
246	클리핑로즈마리	24cm	22	0	0	0	-29	0	0	-7	69	499	244	2	0				
247	클리핑로즈마리	30cm	46	0	0	0	161	0	0	207	3	92	229	0	10				
248	클리핑로즈마리	특대	13	0	0	0	0	0	0	13	0	5	15	0	2				
249	클리핑타임	10cm	0	0	0	0	0	0	0	0	0	61	0	0	0		300		
250	타라곤	10cm	810	0	0	0	0	0	0	810	40	1	850	0	0				
251	타이바질	10cm	0	0	0	0	0	0	0	0	0	5	140	0	0				
252	타이바질	15cm	0	0	0	0	0	0	0	0	0	0	0	0	0				
253	탄지	10cm	246	0	0	0	0	0	0	246	0	74	320	0	0				
254	티트리	10cm	299	0	0	0	0	0	0	299	140	219	1260	0	0				
255	티트리	18cm	56	0	0	0	0	0	0	56	7	11	136	0	0				
256	티트리	24cm	31	0	0	0	0	0	0	31	0	5	15	0	0				
257	티트리	30cm	4	0	0	0	0	0	0	4	0	4	8	0	0				
258	파인애플민트	10cm	82	0	0	0	0	0	0	82	0	598	680	0	0		300		
259	파인애플민트	18cm	65	0	0	0	0	0	0	65	0	41	0	0	0				
260	파인애플세이지	10cm	0	0	0	30	0	0	0	30	0	326	720	249	0		300		
261	파인애플세이지	18cm	9	0	0	181	0	0	0	190	0	513	700	0	0				
262	파인애플세이지	24cm	19	0	0	11	0	0	0	30	1	3	62	0	0				
263	파인애플세이지	30cm	5	0	0	9	0	0	0	14	0	10	16	0	0				
264	패랭이	10cm	0	0	0	0	0	-1124	0	-1124	0	0	2480	0	0				
265	패랭이	18cm	1000	0	0	0	0	0	0	1000	0	0	2502	0	0				
266	팬지	10cm	0	0	0	0	0	0	0	0	0	0	7400	0	0				
267	팬지	15cm	985	0	0	0	0	0	0	985	15	97	0	0	0				
268	페추니아	10cm	0	0	0	0	0	0	0	0	0	60	620	0	0				소망교도소
269	페퍼민트	10cm	4941	0	0	0	0	0	0	4941	33	7006	12720	0	5050		500		
270	페퍼민트	18cm	20	0	0	0	0	0	0	20	0	0	20	0	0				
271	페퍼민트제라늄	10cm	0	0	0	0	0	0	0	0	0	0	220	0	0	60			
272	페퍼민트제라늄	18cm	0	0	0	86	0	0	0	86	0	30	60	0	0	34			
273	페퍼민트제라늄	24cm	1	0	0	0	0	0	0	1	0	10	8	0	0				
274	페퍼민트제라늄	30cm	0	0	0	8	0	0	0	8	0	0	8	0	0				
275	프렌치라벤다	10cm	0	0	1402	0	0	0	0	1402	12	1455	9832	0	0		5000		
276	프렌치라벤다	15cm	25	463	4948	0	0	0	0	5436	0	2682	8055	0	0				
277	프렌치라벤다	18cm	137	513	1362	80	0	0	0	2092	0	1450	3945	0	0				
278	프렌치라벤다	24cm	-6	4224	0	0	0	0	0	4218	0	2261	4722	0	0				
279	프렌치라벤다	30cm	18	427	0	0	0	0	0	445	0	417	455	0	0				
280	프렌치라벤다(퍼플)	10cm	0	0	0	0	0	0	0	0	0	420	5860	0	0		10000		
281	프렌치라벤다(퍼플)	15cm	97	29	1001	0	0	0	0	1127	0	2765	3569	0	0				
282	프렌치라벤다(퍼플)	18cm	15	117	925	0	0	0	0	1057	0	4584	2888	0	0				
283	프렌치라벤다(퍼플)	24cm	156	827	0	0	0	0	0	983	13	2160	1456	0	0				
284	프렌치라벤다(퍼플)	30cm	5	231	0	0	0	0	0	236	1	162	233	0	10				
285	프렌치라벤다(핑크)	10cm	0	0	76	0	0	0	0	76	0	100	540	0	0	750			
286	프렌치라벤다(핑크)	15cm	1	263	0	0	0	0	0	264	0	18	853	0	0				
287	프렌치라벤다(핑크)	18cm	121	297	70	0	0	0	0	488	0	1834	309	0	0				
288	프렌치라벤다(핑크)	24cm	55	961	0	0	0	0	0	1016	5	729	1520	0	0				
289	프렌치라벤다(핑크)	30cm	7	169	0	0	0	0	0	176	0	144	152	0	0				
290	프렌치라벤다(화이트)	10cm	0	0	0	0	0	0	0	0	20	100	4846	0	0				
291	프렌치라벤다(화이트)	15cm	83	46	346	0	0	0	0	475	0	926	1915	169	0				
292	프렌치라벤다(화이트)	18cm	75	144	1890	0	0	0	0	2109	0	2646	3073	211	0				
293	프렌치라벤다(화이트)	24cm	127	1938	0	0	0	0	0	2065	4	742	2203	0	0				
294	프렌치라벤다(화이트)	30cm	12	211	0	0	0	0	0	223	0	72	265	0	10				
295	프린지드라벤다	10cm	0	0	0	40	0	20	0	60	0	100	660	0	0				
296	프린지드라벤다	18cm	19	0	0	310	0	0	0	329	0	228	457	0	0				
297	프린지드라벤다	24cm	24	0	0	0	0	0	0	24	0	0	0	0	0				
298	플렉트란서스(모나라벤다)	10cm	0	0	0	60	0	0	0	60	0	45	0	0	0				
299	플렉트란서스(모나라벤다)	18cm	5	0	0	180	0	0	0	185	1	203	374	0	0				
300	플렉트란서스(모나라벤다)	24cm	15	0	0	60	0	0	0	75	0	422	360	0	0				
301	플렉트란서스(모나라벤다)	30cm	0	0	0	16	0	0	0	16	0	53	96	0	0				
302	핑거볼제라늄	10cm	0	0	0	0	0	0	0	0	0	4	140	0	0		300		
303	핑거볼제라늄	18cm	58	0	0	357	0	0	0	415	2	144	390	0	10				
304	핑거볼제라늄	24cm	46	0	0	41	0	0	0	87	0	1	34	0	0				
305	핑거볼제라늄	30cm	2	0	0	0	0	0	0	2	0	9	12	0	0				
306	핑크세이지	10cm	0	0	0	0	0	0	0	0	0	0	460	0	0				
307	핑크세이지	18cm	0	584	0	34	0	0	0	618	0	103	856	0	500				
308	핑크세이지	24cm	0	191	0	0	0	0	0	191	0	0	191	0	0				
309	학자스민	10cm	0	0	0	0	0	0	0	0	20	0	0	0	0				
310	학자스민	18cm	940	-78	0	0	0	0	0	862	80	477	800	0	0				
311	학자스민	21cm	632	743	0	0	0	0	0	1375	0	55	0	0	0				
312	학자스민	24cm	534	1133	0	0	0	0	0	1667	3	41	1064	0	0				
313	핫립세이지	10cm	0	0	0	0	0	0	0	0	0	70	2220	0	0				
314	핫립세이지	18cm	85	2621	0	0	0	0	0	2706	24	4500	6544	0	450				
315	핫립세이지	24cm	44	291	0	0	0	0	0	335	0	733	404	0	0				
316	핫립세이지	30cm	4	241	0	0	0	0	0	245	0	146	308	0	10				
317	핫립세이지	특대	0	0	0	0	0	0	0	0	0	5	0	0	0				
318	허하운드	10cm	59	0	0	0	0	0	0	59	0	101	160	0	0				
319	헬리오트로프	10cm	0	0	0	200	0	0	0	200	0	0	760	0	0				
320	헬리오트로프	18cm	82	0	0	900	0	0	0	982	20	1407	1021	0	300				
321	헬리오트로프	24cm	16	0	0	8	0	0	0	24	0	97	152	0	0				
322	홀리호크	10cm	87	0	0	0	0	0	0	87	0	0	112	0	0				
323	황금라벤다	15cm	0	0	0	0	0	0	0	0	0	0	0	0	0	70			
324	황금라벤다	18cm	0	0	0	0	0	0	0	0	0	3749	70	0	0				
325	황금라벤다	24cm	15	301	0	0	0	0	0	316	0	686	962	0	0				
326	황금라벤다	30cm	5	86	0	0	0	0	0	91	1	38	130	0	5				
327	황금로즈마리	10cm	0	0	0	0	0	0	0	0	0	0	2260	0	0				
328	황금로즈마리	18cm	166	0	0	0	2028	0	0	2194	34	57	2228	0	0				
329	황금로즈마리	24cm	10	0	0	0	134	0	0	144	4	39	215	0	0				
330	황금로즈마리	30cm	13	0	0	0	44	0	0	57	0	19	48	0	9				
331	휀넬	10cm	412	0	0	0	0	0	0	412	0	683	910	0	50				
332	휀넬	18cm	-1	0	0	0	0	0	0	-1	0	95	0	0	0				
333	휀넬브론즈	10cm	370	0	0	0	0	0	0	370	0	510	1184	0	0				
334	휀넬브론즈	18cm	-10	0	0	0	0	0	0	-10	0	126	0	0	0				
335	휘버휴	10cm	18	0	0	0	0	0	0	18	0	60	140	0	0				
336	흰꽃자스민	18cm	0	0	0	51	0	0	0	51	0	2	0	0	0				
337	흰꽃자스민	24cm	0	0	0	0	0	0	0	0	0	0	0	0	0				
338	흰꽃자스민	30cm	5	0	0	0	0	0	0	5	0	0	0	0	0				
